# Array shape: (40, 10, 4)
5.755456385078309367e+00 3.284766087419576319e+00 4.577230409060512734e-03 2.177023870443528608e+02
5.666447938543218932e+00 3.208416179593507334e+00 4.769282315362263769e-03 2.151270997139292263e+02
5.672156527259438974e+00 3.192566694854177989e+00 4.768806415963723969e-03 2.145361346386446826e+02
5.690701936380263781e+00 3.191376835423645364e+00 4.770716024883423813e-03 2.143971637135998662e+02
5.652098853798492861e+00 3.187132559788733221e+00 4.859413205140055911e-03 2.152784095349154541e+02
5.652098853798492861e+00 3.187132559788733221e+00 4.859413205140055911e-03 2.152784095349154541e+02
5.317515456911800165e+00 3.199548329376335154e+00 4.606896448049252295e-03 2.151085581640445810e+02
5.317515456911800165e+00 3.199548329376335154e+00 4.606896448049252295e-03 2.151085581640445810e+02
5.317515456911800165e+00 3.199548329376335154e+00 4.606896448049252295e-03 2.151085581640445810e+02
5.317515456911800165e+00 3.199548329376335154e+00 4.606896448049252295e-03 2.151085581640445810e+02
# Next walker
5.837153150221812581e+00 3.085570821081094817e+00 4.812616533160157112e-03 2.264503170726254098e+02
5.837153150221812581e+00 3.085570821081094817e+00 4.812616533160157112e-03 2.264503170726254098e+02
5.885285561516259811e+00 3.107076107497891204e+00 4.815574518319235171e-03 2.290340877113142710e+02
5.885285561516259811e+00 3.107076107497891204e+00 4.815574518319235171e-03 2.290340877113142710e+02
5.947138169697113064e+00 3.154168551303870860e+00 4.760696498292420371e-03 2.242253239886489382e+02
5.947138169697113064e+00 3.154168551303870860e+00 4.760696498292420371e-03 2.242253239886489382e+02
5.936191672675446007e+00 3.143007084610582424e+00 4.768036280336376311e-03 2.235329788034827914e+02
5.936191672675446007e+00 3.143007084610582424e+00 4.768036280336376311e-03 2.235329788034827914e+02
5.822882642998608027e+00 3.153362474745016630e+00 4.738523915752899419e-03 2.219900668506351451e+02
5.809285570091956785e+00 3.155578099807191172e+00 4.755491699935255299e-03 2.195290349873769742e+02
# Next walker
5.942552046253264386e+00 3.234970562088672175e+00 4.778704978974485616e-03 2.296011427700514957e+02
5.942552046253264386e+00 3.234970562088672175e+00 4.778704978974485616e-03 2.296011427700514957e+02
5.927122554134926169e+00 3.183998013446588615e+00 4.981889752153238760e-03 2.240841086943199514e+02
5.875685729819439374e+00 3.180291989735906988e+00 4.937750427928125525e-03 2.244601299966169847e+02
5.875685729819439374e+00 3.180291989735906988e+00 4.937750427928125525e-03 2.244601299966169847e+02
5.875685729819439374e+00 3.180291989735906988e+00 4.937750427928125525e-03 2.244601299966169847e+02
5.875685729819439374e+00 3.180291989735906988e+00 4.937750427928125525e-03 2.244601299966169847e+02
5.875685729819439374e+00 3.180291989735906988e+00 4.937750427928125525e-03 2.244601299966169847e+02
6.008961532417976592e+00 3.159970288073488565e+00 5.082386873446659986e-03 2.184939352642884103e+02
5.975549211134173255e+00 3.155292820027729928e+00 5.135574879539442535e-03 2.194316307637437831e+02
# Next walker
5.608917988582549974e+00 2.967808713842875701e+00 5.392789415383723341e-03 2.200755057696650852e+02
5.656335717747585257e+00 3.013995496341722813e+00 5.353401034952499915e-03 2.192035690865066613e+02
5.894652448805405065e+00 3.076730450092671099e+00 5.409475503898619406e-03 2.124739613108779679e+02
5.894652448805405065e+00 3.076730450092671099e+00 5.409475503898619406e-03 2.124739613108779679e+02
5.843464206530864402e+00 3.132127030135119394e+00 5.394255243121884313e-03 2.228698933956166286e+02
5.843464206530864402e+00 3.132127030135119394e+00 5.394255243121884313e-03 2.228698933956166286e+02
5.843464206530864402e+00 3.132127030135119394e+00 5.394255243121884313e-03 2.228698933956166286e+02
5.837303169688873972e+00 3.135939437309406053e+00 5.355644333326839771e-03 2.233114177973856442e+02
5.837303169688873972e+00 3.135939437309406053e+00 5.355644333326839771e-03 2.233114177973856442e+02
5.837303169688873972e+00 3.135939437309406053e+00 5.355644333326839771e-03 2.233114177973856442e+02
# Next walker
5.570194039403181030e+00 3.125851247687360335e+00 4.976967602977446295e-03 2.123421792192041551e+02
5.570194039403181030e+00 3.125851247687360335e+00 4.976967602977446295e-03 2.123421792192041551e+02
5.542511950543452137e+00 3.156247873581353058e+00 5.005793935507669296e-03 2.135145457179298774e+02
5.542511950543452137e+00 3.156247873581353058e+00 5.005793935507669296e-03 2.135145457179298774e+02
5.542511950543452137e+00 3.156247873581353058e+00 5.005793935507669296e-03 2.135145457179298774e+02
5.542511950543452137e+00 3.156247873581353058e+00 5.005793935507669296e-03 2.135145457179298774e+02
5.609532907011175240e+00 3.168367791835467351e+00 4.989858021953488300e-03 2.117763760212271507e+02
5.646401488156758575e+00 3.164409994149900207e+00 4.937050374862993196e-03 2.141835691000585769e+02
5.646401488156758575e+00 3.164409994149900207e+00 4.937050374862993196e-03 2.141835691000585769e+02
5.646401488156758575e+00 3.164409994149900207e+00 4.937050374862993196e-03 2.141835691000585769e+02
# Next walker
5.435942614860230115e+00 2.953954533274530281e+00 4.565133913562919622e-03 2.030511012284723336e+02
5.435942614860230115e+00 2.953954533274530281e+00 4.565133913562919622e-03 2.030511012284723336e+02
5.435942614860230115e+00 2.953954533274530281e+00 4.565133913562919622e-03 2.030511012284723336e+02
5.652965870267887105e+00 3.051141135986822128e+00 4.606298485307550213e-03 2.081120192205687545e+02
5.729269243488887220e+00 3.067193526645937141e+00 4.676148616826481148e-03 2.097744025153189398e+02
5.729269243488887220e+00 3.067193526645937141e+00 4.676148616826481148e-03 2.097744025153189398e+02
5.729269243488887220e+00 3.067193526645937141e+00 4.676148616826481148e-03 2.097744025153189398e+02
5.729269243488887220e+00 3.067193526645937141e+00 4.676148616826481148e-03 2.097744025153189398e+02
5.774612148423250879e+00 3.092871368115729602e+00 4.611208467653522131e-03 2.083895558474935115e+02
5.774612148423250879e+00 3.092871368115729602e+00 4.611208467653522131e-03 2.083895558474935115e+02
# Next walker
6.320596873105404967e+00 3.052589165346431876e+00 4.738211874113829047e-03 2.274824327301496396e+02
6.320596873105404967e+00 3.052589165346431876e+00 4.738211874113829047e-03 2.274824327301496396e+02
6.174265886356754329e+00 3.153828206653472410e+00 4.907792483762407100e-03 2.209204736111915679e+02
6.174265886356754329e+00 3.153828206653472410e+00 4.907792483762407100e-03 2.209204736111915679e+02
6.166297905537604152e+00 3.130519290072966587e+00 4.759561126827535280e-03 2.213765620196185751e+02
6.166297905537604152e+00 3.130519290072966587e+00 4.759561126827535280e-03 2.213765620196185751e+02
6.166297905537604152e+00 3.130519290072966587e+00 4.759561126827535280e-03 2.213765620196185751e+02
6.166297905537604152e+00 3.130519290072966587e+00 4.759561126827535280e-03 2.213765620196185751e+02
6.166297905537604152e+00 3.130519290072966587e+00 4.759561126827535280e-03 2.213765620196185751e+02
6.166297905537604152e+00 3.130519290072966587e+00 4.759561126827535280e-03 2.213765620196185751e+02
# Next walker
5.958237785429499667e+00 2.894918567229634476e+00 5.472701220217939325e-03 2.140696669318800218e+02
5.958237785429499667e+00 2.894918567229634476e+00 5.472701220217939325e-03 2.140696669318800218e+02
5.958237785429499667e+00 2.894918567229634476e+00 5.472701220217939325e-03 2.140696669318800218e+02
5.958237785429499667e+00 2.894918567229634476e+00 5.472701220217939325e-03 2.140696669318800218e+02
6.030564240983276925e+00 3.023631078028021779e+00 5.358067670464367396e-03 2.098151865228643373e+02
6.054664789787993939e+00 3.056175185111848602e+00 5.328597581355792520e-03 2.110927059164115747e+02
6.054664789787993939e+00 3.056175185111848602e+00 5.328597581355792520e-03 2.110927059164115747e+02
6.054664789787993939e+00 3.056175185111848602e+00 5.328597581355792520e-03 2.110927059164115747e+02
6.054664789787993939e+00 3.056175185111848602e+00 5.328597581355792520e-03 2.110927059164115747e+02
5.864565179961757302e+00 3.096901972285400539e+00 5.220095380310316342e-03 2.136142543220326786e+02
# Next walker
5.783587615350213262e+00 3.196926254109599519e+00 5.376451597368555636e-03 2.350303612632408203e+02
5.783587615350213262e+00 3.196926254109599519e+00 5.376451597368555636e-03 2.350303612632408203e+02
5.783587615350213262e+00 3.196926254109599519e+00 5.376451597368555636e-03 2.350303612632408203e+02
5.783587615350213262e+00 3.196926254109599519e+00 5.376451597368555636e-03 2.350303612632408203e+02
5.783587615350213262e+00 3.196926254109599519e+00 5.376451597368555636e-03 2.350303612632408203e+02
5.773653243204647012e+00 3.179803516154566800e+00 5.315149539825388299e-03 2.323687222570308109e+02
5.739675804762457645e+00 3.121240502176023668e+00 5.105484866906724768e-03 2.232654116337029109e+02
5.739675804762457645e+00 3.121240502176023668e+00 5.105484866906724768e-03 2.232654116337029109e+02
5.854386642228133653e+00 3.146200323084540340e+00 5.046900300703396208e-03 2.150974812135400214e+02
5.885409471169898765e+00 3.145499636036950708e+00 5.262883307930359481e-03 2.090338359841065312e+02
# Next walker
6.272794793211274644e+00 3.176273366707375256e+00 5.498450084300426227e-03 2.017959461756720145e+02
6.272794793211274644e+00 3.176273366707375256e+00 5.498450084300426227e-03 2.017959461756720145e+02
6.272794793211274644e+00 3.176273366707375256e+00 5.498450084300426227e-03 2.017959461756720145e+02
6.261901492543234582e+00 3.175423152571289265e+00 5.486528532022931851e-03 2.089440839755816341e+02
6.261901492543234582e+00 3.175423152571289265e+00 5.486528532022931851e-03 2.089440839755816341e+02
6.261901492543234582e+00 3.175423152571289265e+00 5.486528532022931851e-03 2.089440839755816341e+02
6.261901492543234582e+00 3.175423152571289265e+00 5.486528532022931851e-03 2.089440839755816341e+02
6.261901492543234582e+00 3.175423152571289265e+00 5.486528532022931851e-03 2.089440839755816341e+02
6.224729951973644759e+00 3.157964124109424287e+00 5.203877020282073745e-03 2.137779440478740582e+02
6.224729951973644759e+00 3.157964124109424287e+00 5.203877020282073745e-03 2.137779440478740582e+02
# Next walker
5.898751245133560417e+00 3.149254986509813836e+00 5.345922500966294837e-03 2.042145618788271975e+02
5.898751245133560417e+00 3.149254986509813836e+00 5.345922500966294837e-03 2.042145618788271975e+02
5.898751245133560417e+00 3.149254986509813836e+00 5.345922500966294837e-03 2.042145618788271975e+02
5.898751245133560417e+00 3.149254986509813836e+00 5.345922500966294837e-03 2.042145618788271975e+02
5.898751245133560417e+00 3.149254986509813836e+00 5.345922500966294837e-03 2.042145618788271975e+02
5.898751245133560417e+00 3.149254986509813836e+00 5.345922500966294837e-03 2.042145618788271975e+02
5.914238267072903454e+00 3.145473105572244688e+00 5.349732166324488308e-03 2.007291017376748812e+02
5.914199803689859536e+00 3.145446151699352377e+00 5.349603985229230314e-03 2.007331918729186384e+02
5.914199803689859536e+00 3.145446151699352377e+00 5.349603985229230314e-03 2.007331918729186384e+02
5.914199803689859536e+00 3.145446151699352377e+00 5.349603985229230314e-03 2.007331918729186384e+02
# Next walker
5.746431756915267641e+00 3.114349937945593894e+00 5.143485478606152697e-03 2.210269828173258020e+02
5.782701258494434171e+00 3.111982982802675046e+00 5.177754648896902914e-03 2.228143045227105858e+02
5.627343916879458341e+00 3.130586618326213877e+00 5.329155606169166427e-03 2.193884457486159363e+02
5.627343916879458341e+00 3.130586618326213877e+00 5.329155606169166427e-03 2.193884457486159363e+02
5.702286629369261561e+00 3.140967432045222107e+00 5.319778583247967985e-03 2.194484989539209323e+02
5.702286629369261561e+00 3.140967432045222107e+00 5.319778583247967985e-03 2.194484989539209323e+02
5.552279296793634522e+00 3.163805848167725365e+00 5.041853532732913125e-03 2.177565246376863115e+02
5.552279296793634522e+00 3.163805848167725365e+00 5.041853532732913125e-03 2.177565246376863115e+02
5.552279296793634522e+00 3.163805848167725365e+00 5.041853532732913125e-03 2.177565246376863115e+02
5.552279296793634522e+00 3.163805848167725365e+00 5.041853532732913125e-03 2.177565246376863115e+02
# Next walker
5.754509361587396121e+00 2.985343003815825735e+00 5.183884694727941556e-03 2.169080681706152518e+02
5.754509361587396121e+00 2.985343003815825735e+00 5.183884694727941556e-03 2.169080681706152518e+02
5.754509361587396121e+00 2.985343003815825735e+00 5.183884694727941556e-03 2.169080681706152518e+02
5.857743943596574354e+00 3.024772537949540041e+00 5.179908840368575504e-03 2.178193305666331696e+02
5.857743943596574354e+00 3.024772537949540041e+00 5.179908840368575504e-03 2.178193305666331696e+02
5.857743943596574354e+00 3.024772537949540041e+00 5.179908840368575504e-03 2.178193305666331696e+02
5.824171491938808565e+00 3.057344476071361505e+00 5.136959861840934526e-03 2.139280419955603350e+02
6.008689824222182452e+00 3.107118721464434241e+00 5.284315144666954130e-03 2.118271313411684389e+02
6.008689824222182452e+00 3.107118721464434241e+00 5.284315144666954130e-03 2.118271313411684389e+02
6.064755750757983677e+00 3.111093138968434424e+00 5.309297274607617176e-03 2.111319226468487784e+02
# Next walker
6.214635139170627376e+00 3.161800543503579419e+00 4.667790627431876206e-03 2.082813345427819058e+02
6.214635139170627376e+00 3.161800543503579419e+00 4.667790627431876206e-03 2.082813345427819058e+02
6.214635139170627376e+00 3.161800543503579419e+00 4.667790627431876206e-03 2.082813345427819058e+02
6.214640154037090802e+00 3.161803167075504017e+00 4.667968471041403569e-03 2.082851623597708510e+02
6.191745876834761297e+00 3.146987518770123948e+00 4.711345593876051230e-03 2.144850835897943853e+02
6.191745876834761297e+00 3.146987518770123948e+00 4.711345593876051230e-03 2.144850835897943853e+02
6.191745876834761297e+00 3.146987518770123948e+00 4.711345593876051230e-03 2.144850835897943853e+02
6.121948274519979805e+00 3.131785910195068467e+00 4.929813654744933521e-03 2.134716306535295303e+02
6.121948274519979805e+00 3.131785910195068467e+00 4.929813654744933521e-03 2.134716306535295303e+02
6.081425993508324801e+00 3.134565872831081013e+00 4.930430309960857731e-03 2.135322963348474161e+02
# Next walker
6.180703634822352299e+00 3.317911436175168483e+00 4.632103246618712693e-03 2.182725624793951908e+02
6.180703634822352299e+00 3.317911436175168483e+00 4.632103246618712693e-03 2.182725624793951908e+02
6.038695807543424721e+00 3.223877380763068956e+00 4.679463030034357839e-03 2.171071270304717586e+02
6.038695807543424721e+00 3.223877380763068956e+00 4.679463030034357839e-03 2.171071270304717586e+02
5.943003041454002933e+00 3.213767835332463907e+00 4.940908040355306702e-03 2.238302504482540769e+02
5.924940704432591687e+00 3.198953278387805632e+00 5.023172515023980288e-03 2.236559838641713895e+02
5.787103927610191434e+00 3.167002382646818326e+00 5.041048193522968714e-03 2.269088951208433684e+02
5.787103927610191434e+00 3.167002382646818326e+00 5.041048193522968714e-03 2.269088951208433684e+02
5.787103927610191434e+00 3.167002382646818326e+00 5.041048193522968714e-03 2.269088951208433684e+02
5.787103927610191434e+00 3.167002382646818326e+00 5.041048193522968714e-03 2.269088951208433684e+02
# Next walker
6.199402089351218947e+00 3.245986558228374008e+00 5.342833615526582786e-03 2.147996507115715303e+02
6.126394347909628557e+00 3.237372663758359526e+00 5.348736182848231116e-03 2.183517119732301524e+02
6.126394347909628557e+00 3.237372663758359526e+00 5.348736182848231116e-03 2.183517119732301524e+02
6.193110473399053184e+00 3.208954708251886334e+00 5.258365454701755502e-03 2.198418066431525233e+02
6.155074929767323511e+00 3.207837533023790488e+00 5.269333024749261844e-03 2.212524847545227544e+02
6.155074929767323511e+00 3.207837533023790488e+00 5.269333024749261844e-03 2.212524847545227544e+02
6.155074929767323511e+00 3.207837533023790488e+00 5.269333024749261844e-03 2.212524847545227544e+02
6.155717453765082503e+00 3.206771359457287307e+00 5.259556339295121813e-03 2.211339108425154620e+02
6.155717453765082503e+00 3.206771359457287307e+00 5.259556339295121813e-03 2.211339108425154620e+02
6.155717453765082503e+00 3.206771359457287307e+00 5.259556339295121813e-03 2.211339108425154620e+02
# Next walker
5.717810834286555455e+00 3.000520223768482708e+00 4.988180778738885920e-03 2.002633131731519143e+02
5.707872159930063027e+00 3.018150218559473075e+00 5.026191880700206505e-03 1.997851754811039200e+02
5.707872159930063027e+00 3.018150218559473075e+00 5.026191880700206505e-03 1.997851754811039200e+02
5.707872159930063027e+00 3.018150218559473075e+00 5.026191880700206505e-03 1.997851754811039200e+02
5.854622196332484485e+00 3.094754192501685708e+00 4.933064423205586919e-03 2.061921503493908006e+02
5.860104069410385641e+00 3.114808708253370195e+00 4.975094924900115047e-03 2.014925882657615546e+02
5.865566498750462543e+00 3.123544355122128913e+00 4.950488402271042282e-03 1.996021648090930967e+02
5.865566498750462543e+00 3.123544355122128913e+00 4.950488402271042282e-03 1.996021648090930967e+02
5.865566498750462543e+00 3.123544355122128913e+00 4.950488402271042282e-03 1.996021648090930967e+02
5.865566498750462543e+00 3.123544355122128913e+00 4.950488402271042282e-03 1.996021648090930967e+02
# Next walker
6.328426168688333853e+00 3.168744357158114866e+00 5.475924889646365326e-03 2.233556652759169765e+02
6.328426168688333853e+00 3.168744357158114866e+00 5.475924889646365326e-03 2.233556652759169765e+02
6.236952124751994120e+00 3.173475872694515587e+00 5.459224117917632624e-03 2.253157535390269572e+02
6.236952124751994120e+00 3.173475872694515587e+00 5.459224117917632624e-03 2.253157535390269572e+02
6.236952124751994120e+00 3.173475872694515587e+00 5.459224117917632624e-03 2.253157535390269572e+02
6.236952124751994120e+00 3.173475872694515587e+00 5.459224117917632624e-03 2.253157535390269572e+02
6.236952124751994120e+00 3.173475872694515587e+00 5.459224117917632624e-03 2.253157535390269572e+02
6.236952124751994120e+00 3.173475872694515587e+00 5.459224117917632624e-03 2.253157535390269572e+02
6.236952124751994120e+00 3.173475872694515587e+00 5.459224117917632624e-03 2.253157535390269572e+02
6.034882266639177928e+00 3.116680804968407159e+00 5.268310390781449741e-03 2.216127382679901245e+02
# Next walker
5.465938583218033386e+00 3.149914485086665827e+00 5.486450535209283497e-03 2.158292198197888752e+02
5.465938583218033386e+00 3.149914485086665827e+00 5.486450535209283497e-03 2.158292198197888752e+02
5.465938583218033386e+00 3.149914485086665827e+00 5.486450535209283497e-03 2.158292198197888752e+02
5.465938583218033386e+00 3.149914485086665827e+00 5.486450535209283497e-03 2.158292198197888752e+02
5.465938583218033386e+00 3.149914485086665827e+00 5.486450535209283497e-03 2.158292198197888752e+02
5.698316260259444377e+00 3.169446212580340649e+00 5.413238226820169322e-03 2.176579518462216924e+02
5.698316260259444377e+00 3.169446212580340649e+00 5.413238226820169322e-03 2.176579518462216924e+02
5.698316260259444377e+00 3.169446212580340649e+00 5.413238226820169322e-03 2.176579518462216924e+02
5.698316260259444377e+00 3.169446212580340649e+00 5.413238226820169322e-03 2.176579518462216924e+02
5.730297137858321399e+00 3.165449482152847605e+00 5.223678508019160421e-03 2.181971899563345403e+02
# Next walker
5.763577590415864371e+00 3.118453409761819728e+00 5.264318665273570209e-03 2.172315614767658758e+02
5.763577590415864371e+00 3.118453409761819728e+00 5.264318665273570209e-03 2.172315614767658758e+02
5.763577590415864371e+00 3.118453409761819728e+00 5.264318665273570209e-03 2.172315614767658758e+02
5.757566850927016588e+00 3.176588936222739079e+00 5.086267684235769825e-03 2.143987113527338124e+02
5.757566850927016588e+00 3.176588936222739079e+00 5.086267684235769825e-03 2.143987113527338124e+02
5.757566850927016588e+00 3.176588936222739079e+00 5.086267684235769825e-03 2.143987113527338124e+02
5.744992591492119161e+00 3.174076193692319414e+00 4.907357473515202954e-03 2.003520826706283344e+02
5.744992591492119161e+00 3.174076193692319414e+00 4.907357473515202954e-03 2.003520826706283344e+02
5.698135163392485047e+00 3.173689911698246213e+00 4.894196267131857396e-03 1.994111247298170895e+02
5.698135163392485047e+00 3.173689911698246213e+00 4.894196267131857396e-03 1.994111247298170895e+02
# Next walker
5.777511329449893651e+00 2.894618834810947838e+00 4.759852379256458016e-03 2.031354323258307772e+02
5.777511329449893651e+00 2.894618834810947838e+00 4.759852379256458016e-03 2.031354323258307772e+02
5.778615079948682620e+00 2.896992203487313233e+00 4.759931444633196812e-03 2.035153220118867239e+02
5.778615079948682620e+00 2.896992203487313233e+00 4.759931444633196812e-03 2.035153220118867239e+02
5.826352132860728616e+00 3.036312347157172020e+00 4.847378620742743074e-03 2.138154838870872538e+02
5.826352132860728616e+00 3.036312347157172020e+00 4.847378620742743074e-03 2.138154838870872538e+02
5.826352132860728616e+00 3.036312347157172020e+00 4.847378620742743074e-03 2.138154838870872538e+02
5.826352132860728616e+00 3.036312347157172020e+00 4.847378620742743074e-03 2.138154838870872538e+02
5.826352132860728616e+00 3.036312347157172020e+00 4.847378620742743074e-03 2.138154838870872538e+02
5.826352132860728616e+00 3.036312347157172020e+00 4.847378620742743074e-03 2.138154838870872538e+02
# Next walker
6.343223132009265797e+00 3.388548953891517446e+00 5.484866892015535789e-03 2.054897378957049341e+02
5.934052338599386189e+00 3.320019864512590235e+00 5.186172072253207935e-03 2.101485139926095371e+02
5.934052338599386189e+00 3.320019864512590235e+00 5.186172072253207935e-03 2.101485139926095371e+02
5.934052338599386189e+00 3.320019864512590235e+00 5.186172072253207935e-03 2.101485139926095371e+02
5.946267718970103644e+00 3.312809370712854751e+00 5.139606602904146435e-03 2.083646818705074111e+02
6.009493565443150942e+00 3.265486948613117502e+00 5.168167917750272032e-03 2.107224482670483496e+02
6.009493565443150942e+00 3.265486948613117502e+00 5.168167917750272032e-03 2.107224482670483496e+02
6.009493565443150942e+00 3.265486948613117502e+00 5.168167917750272032e-03 2.107224482670483496e+02
6.009493565443150942e+00 3.265486948613117502e+00 5.168167917750272032e-03 2.107224482670483496e+02
6.009493565443150942e+00 3.265486948613117502e+00 5.168167917750272032e-03 2.107224482670483496e+02
# Next walker
6.323143935141855465e+00 3.112184275172108272e+00 5.418758636515354395e-03 2.044629749667597025e+02
6.323143935141855465e+00 3.112184275172108272e+00 5.418758636515354395e-03 2.044629749667597025e+02
6.323143935141855465e+00 3.112184275172108272e+00 5.418758636515354395e-03 2.044629749667597025e+02
6.323143935141855465e+00 3.112184275172108272e+00 5.418758636515354395e-03 2.044629749667597025e+02
6.323143935141855465e+00 3.112184275172108272e+00 5.418758636515354395e-03 2.044629749667597025e+02
6.323143935141855465e+00 3.112184275172108272e+00 5.418758636515354395e-03 2.044629749667597025e+02
6.323143935141855465e+00 3.112184275172108272e+00 5.418758636515354395e-03 2.044629749667597025e+02
6.324212226918592528e+00 3.111901318030894981e+00 5.424510042174957546e-03 2.043814932739135770e+02
6.324212226918592528e+00 3.111901318030894981e+00 5.424510042174957546e-03 2.043814932739135770e+02
6.324212226918592528e+00 3.111901318030894981e+00 5.424510042174957546e-03 2.043814932739135770e+02
# Next walker
5.311306766122930512e+00 3.215720663093733389e+00 4.731567590397364569e-03 2.172390303105722182e+02
5.310832285256952723e+00 3.215748985092466317e+00 4.731601089786424165e-03 2.172437354160154541e+02
5.310832285256952723e+00 3.215748985092466317e+00 4.731601089786424165e-03 2.172437354160154541e+02
5.310832285256952723e+00 3.215748985092466317e+00 4.731601089786424165e-03 2.172437354160154541e+02
5.310832285256952723e+00 3.215748985092466317e+00 4.731601089786424165e-03 2.172437354160154541e+02
5.310832285256952723e+00 3.215748985092466317e+00 4.731601089786424165e-03 2.172437354160154541e+02
5.310832285256952723e+00 3.215748985092466317e+00 4.731601089786424165e-03 2.172437354160154541e+02
5.310832285256952723e+00 3.215748985092466317e+00 4.731601089786424165e-03 2.172437354160154541e+02
5.310832285256952723e+00 3.215748985092466317e+00 4.731601089786424165e-03 2.172437354160154541e+02
5.310832285256952723e+00 3.215748985092466317e+00 4.731601089786424165e-03 2.172437354160154541e+02
# Next walker
5.391347150868861071e+00 3.439928052971711558e+00 4.812448968164029402e-03 2.104089671726877668e+02
5.408960854980778166e+00 3.371445480479253742e+00 4.971604836325005904e-03 2.116888826178150396e+02
5.738286114931331561e+00 3.314846305362175283e+00 5.055910982056940374e-03 2.076500953189677432e+02
5.738286114931331561e+00 3.314846305362175283e+00 5.055910982056940374e-03 2.076500953189677432e+02
5.804505640985934356e+00 3.293571280378074562e+00 5.001981830403042298e-03 2.077383780561810624e+02
5.804505640985934356e+00 3.293571280378074562e+00 5.001981830403042298e-03 2.077383780561810624e+02
5.804505640985934356e+00 3.293571280378074562e+00 5.001981830403042298e-03 2.077383780561810624e+02
5.804505640985934356e+00 3.293571280378074562e+00 5.001981830403042298e-03 2.077383780561810624e+02
5.806717387175146960e+00 3.276696586054207216e+00 4.970273609533094016e-03 2.094536261885608042e+02
5.806717387175146960e+00 3.276696586054207216e+00 4.970273609533094016e-03 2.094536261885608042e+02
# Next walker
5.680748239634943353e+00 3.174010323197375527e+00 4.809438521143572821e-03 2.250344277550011611e+02
5.570046840937805221e+00 3.158270704709555510e+00 4.675473466010625356e-03 2.266944579233371257e+02
5.570046840937805221e+00 3.158270704709555510e+00 4.675473466010625356e-03 2.266944579233371257e+02
5.570046840937805221e+00 3.158270704709555510e+00 4.675473466010625356e-03 2.266944579233371257e+02
5.805812349815193230e+00 3.147297430559924614e+00 4.708722832460167027e-03 2.245916919773530935e+02
5.805812349815193230e+00 3.147297430559924614e+00 4.708722832460167027e-03 2.245916919773530935e+02
5.805812349815193230e+00 3.147297430559924614e+00 4.708722832460167027e-03 2.245916919773530935e+02
5.805812349815193230e+00 3.147297430559924614e+00 4.708722832460167027e-03 2.245916919773530935e+02
5.805812349815193230e+00 3.147297430559924614e+00 4.708722832460167027e-03 2.245916919773530935e+02
5.805812349815193230e+00 3.147297430559924614e+00 4.708722832460167027e-03 2.245916919773530935e+02
# Next walker
6.318860827208377273e+00 3.389558223154855110e+00 4.885488577960173974e-03 2.155643311062379155e+02
6.287441388968628253e+00 3.320899349472581807e+00 4.819862267975379144e-03 2.133688295457883157e+02
6.263526297617405092e+00 3.308406841658975139e+00 4.828376162933125867e-03 2.128083195815529223e+02
6.257135377925840736e+00 3.275956801128111273e+00 4.980091086980339456e-03 2.158162779618417346e+02
6.257135377925840736e+00 3.275956801128111273e+00 4.980091086980339456e-03 2.158162779618417346e+02
6.257135377925840736e+00 3.275956801128111273e+00 4.980091086980339456e-03 2.158162779618417346e+02
6.257135377925840736e+00 3.275956801128111273e+00 4.980091086980339456e-03 2.158162779618417346e+02
6.257135377925840736e+00 3.275956801128111273e+00 4.980091086980339456e-03 2.158162779618417346e+02
6.257135377925840736e+00 3.275956801128111273e+00 4.980091086980339456e-03 2.158162779618417346e+02
6.253732752064708578e+00 3.273635592377379666e+00 4.989467296389898769e-03 2.159946874028701984e+02
# Next walker
6.004867300527219953e+00 3.278219214151085747e+00 4.916222890235888952e-03 1.998072884246255967e+02
6.004867300527219953e+00 3.278219214151085747e+00 4.916222890235888952e-03 1.998072884246255967e+02
6.004867300527219953e+00 3.278219214151085747e+00 4.916222890235888952e-03 1.998072884246255967e+02
6.004867300527219953e+00 3.278219214151085747e+00 4.916222890235888952e-03 1.998072884246255967e+02
6.004867300527219953e+00 3.278219214151085747e+00 4.916222890235888952e-03 1.998072884246255967e+02
5.972200093781180108e+00 3.233951706013399097e+00 4.903624801153541601e-03 2.023707043141151019e+02
5.972200093781180108e+00 3.233951706013399097e+00 4.903624801153541601e-03 2.023707043141151019e+02
6.050649171401587090e+00 3.202877275066218221e+00 4.834918737904671075e-03 2.066994683054001030e+02
6.050649171401587090e+00 3.202877275066218221e+00 4.834918737904671075e-03 2.066994683054001030e+02
6.050649171401587090e+00 3.202877275066218221e+00 4.834918737904671075e-03 2.066994683054001030e+02
# Next walker
6.154052308157405449e+00 3.243391040795780000e+00 5.162345712517007676e-03 2.025512115566238833e+02
6.154052308157405449e+00 3.243391040795780000e+00 5.162345712517007676e-03 2.025512115566238833e+02
6.154052308157405449e+00 3.243391040795780000e+00 5.162345712517007676e-03 2.025512115566238833e+02
6.154052308157405449e+00 3.243391040795780000e+00 5.162345712517007676e-03 2.025512115566238833e+02
6.154052308157405449e+00 3.243391040795780000e+00 5.162345712517007676e-03 2.025512115566238833e+02
6.154052308157405449e+00 3.243391040795780000e+00 5.162345712517007676e-03 2.025512115566238833e+02
5.991851848961708527e+00 3.176111245339370281e+00 4.976694732664132745e-03 2.053093367923199253e+02
5.991851848961708527e+00 3.176111245339370281e+00 4.976694732664132745e-03 2.053093367923199253e+02
5.991851848961708527e+00 3.176111245339370281e+00 4.976694732664132745e-03 2.053093367923199253e+02
5.651646964527436978e+00 3.195912369111174378e+00 4.854257641434057621e-03 2.112711929869931566e+02
# Next walker
5.585470457675921985e+00 3.340623721788764211e+00 4.696740506383224011e-03 2.011254282039676582e+02
5.745250753119306886e+00 3.295709525515269522e+00 4.721438481225217337e-03 2.085941578087151527e+02
5.745250753119306886e+00 3.295709525515269522e+00 4.721438481225217337e-03 2.085941578087151527e+02
5.745250753119306886e+00 3.295709525515269522e+00 4.721438481225217337e-03 2.085941578087151527e+02
5.848197440598476682e+00 3.266470516882007402e+00 4.724900230528871793e-03 2.135240960590953421e+02
5.890446929954981314e+00 3.258398195793330565e+00 4.799855247943298278e-03 2.145881052727224017e+02
5.890446929954981314e+00 3.258398195793330565e+00 4.799855247943298278e-03 2.145881052727224017e+02
5.890446929954981314e+00 3.258398195793330565e+00 4.799855247943298278e-03 2.145881052727224017e+02
5.914180228565567354e+00 3.253096682024612107e+00 4.843728775799351245e-03 2.142274925456200947e+02
5.914181273648764225e+00 3.247349399980801188e+00 4.870736608448024245e-03 2.135070543674181351e+02
# Next walker
5.699805734557600978e+00 2.967808064113562683e+00 4.790689965832603883e-03 2.124876953674594802e+02
5.697048007473323850e+00 2.997646694900156561e+00 4.793402987611277040e-03 2.143032783632688734e+02
5.697048007473323850e+00 2.997646694900156561e+00 4.793402987611277040e-03 2.143032783632688734e+02
5.697048007473323850e+00 2.997646694900156561e+00 4.793402987611277040e-03 2.143032783632688734e+02
5.646142033737404198e+00 3.026394124944067787e+00 4.785257058777909848e-03 2.146908514756209740e+02
5.646142033737404198e+00 3.026394124944067787e+00 4.785257058777909848e-03 2.146908514756209740e+02
5.796104289105151075e+00 3.062688701955653237e+00 4.956044937468130629e-03 2.132912818822422594e+02
5.796104289105151075e+00 3.062688701955653237e+00 4.956044937468130629e-03 2.132912818822422594e+02
5.796104289105151075e+00 3.062688701955653237e+00 4.956044937468130629e-03 2.132912818822422594e+02
5.848567411239116609e+00 3.086957586647971485e+00 4.958781273713778852e-03 2.135786143006495763e+02
# Next walker
5.685750897591529629e+00 3.166249852855114622e+00 4.973045228800577165e-03 1.986553507193607402e+02
5.697623047892313330e+00 3.158958696882095740e+00 5.017477825008132344e-03 2.014890772741911462e+02
5.697623047892313330e+00 3.158958696882095740e+00 5.017477825008132344e-03 2.014890772741911462e+02
5.697623047892313330e+00 3.158958696882095740e+00 5.017477825008132344e-03 2.014890772741911462e+02
5.719312986089781781e+00 3.159078028296794294e+00 5.002815183875224808e-03 2.017741871162815244e+02
5.719312986089781781e+00 3.159078028296794294e+00 5.002815183875224808e-03 2.017741871162815244e+02
5.719312986089781781e+00 3.159078028296794294e+00 5.002815183875224808e-03 2.017741871162815244e+02
5.719312986089781781e+00 3.159078028296794294e+00 5.002815183875224808e-03 2.017741871162815244e+02
5.719312986089781781e+00 3.159078028296794294e+00 5.002815183875224808e-03 2.017741871162815244e+02
5.719312986089781781e+00 3.159078028296794294e+00 5.002815183875224808e-03 2.017741871162815244e+02
# Next walker
6.309272971924123397e+00 3.137163037866624204e+00 4.808621988626493073e-03 2.349586693502245964e+02
6.309272971924123397e+00 3.137163037866624204e+00 4.808621988626493073e-03 2.349586693502245964e+02
6.309272971924123397e+00 3.137163037866624204e+00 4.808621988626493073e-03 2.349586693502245964e+02
6.316827763813591012e+00 3.133369720714401563e+00 4.740658685072533449e-03 2.359659891620053429e+02
6.316827763813591012e+00 3.133369720714401563e+00 4.740658685072533449e-03 2.359659891620053429e+02
6.316827763813591012e+00 3.133369720714401563e+00 4.740658685072533449e-03 2.359659891620053429e+02
6.029684135027208569e+00 3.141853747156276633e+00 4.838980192427014965e-03 2.276402016324990427e+02
5.937292564791705196e+00 3.138926978534987366e+00 4.911744811916943405e-03 2.351399483280651737e+02
5.937292564791705196e+00 3.138926978534987366e+00 4.911744811916943405e-03 2.351399483280651737e+02
5.937292564791705196e+00 3.138926978534987366e+00 4.911744811916943405e-03 2.351399483280651737e+02
# Next walker
5.691835537946073664e+00 3.011496936518309298e+00 4.728966766818019050e-03 2.073123226368662984e+02
5.691835537946073664e+00 3.011496936518309298e+00 4.728966766818019050e-03 2.073123226368662984e+02
5.691835537946073664e+00 3.011496936518309298e+00 4.728966766818019050e-03 2.073123226368662984e+02
5.691835537946073664e+00 3.011496936518309298e+00 4.728966766818019050e-03 2.073123226368662984e+02
5.691835537946073664e+00 3.011496936518309298e+00 4.728966766818019050e-03 2.073123226368662984e+02
5.681702912523632243e+00 3.021319276379811125e+00 4.747751381197286985e-03 2.077331858397934354e+02
5.681702912523632243e+00 3.021319276379811125e+00 4.747751381197286985e-03 2.077331858397934354e+02
5.681702912523632243e+00 3.021319276379811125e+00 4.747751381197286985e-03 2.077331858397934354e+02
5.681702912523632243e+00 3.021319276379811125e+00 4.747751381197286985e-03 2.077331858397934354e+02
5.681702912523632243e+00 3.021319276379811125e+00 4.747751381197286985e-03 2.077331858397934354e+02
# Next walker
5.577801187391676407e+00 2.973719246412406481e+00 4.777850947665746376e-03 2.123708526712834725e+02
5.590893309641813858e+00 2.975543331034311123e+00 4.797482594632612729e-03 2.132309721765966515e+02
5.590893309641813858e+00 2.975543331034311123e+00 4.797482594632612729e-03 2.132309721765966515e+02
5.590893309641813858e+00 2.975543331034311123e+00 4.797482594632612729e-03 2.132309721765966515e+02
5.590893309641813858e+00 2.975543331034311123e+00 4.797482594632612729e-03 2.132309721765966515e+02
5.601619897738320475e+00 2.994905267465133747e+00 4.858968124462174909e-03 2.136730228478419633e+02
5.601619897738320475e+00 2.994905267465133747e+00 4.858968124462174909e-03 2.136730228478419633e+02
5.601619897738320475e+00 2.994905267465133747e+00 4.858968124462174909e-03 2.136730228478419633e+02
5.601619897738320475e+00 2.994905267465133747e+00 4.858968124462174909e-03 2.136730228478419633e+02
5.601619897738320475e+00 2.994905267465133747e+00 4.858968124462174909e-03 2.136730228478419633e+02
# Next walker
5.593040700993276104e+00 3.131718853284005011e+00 4.929419565397760716e-03 2.180858030963354111e+02
5.593679415621684470e+00 3.178171303878174037e+00 4.968662562813281648e-03 2.195298116720304336e+02
5.540599219381196150e+00 3.166429737314354842e+00 5.183819194162732000e-03 2.179921033447335219e+02
5.540599219381196150e+00 3.166429737314354842e+00 5.183819194162732000e-03 2.179921033447335219e+02
5.517356969472627881e+00 3.172318154865628959e+00 5.169005714413214304e-03 2.183543484127715146e+02
5.517356969472627881e+00 3.172318154865628959e+00 5.169005714413214304e-03 2.183543484127715146e+02
5.520706958161764710e+00 3.172344026959514007e+00 5.165155180653318093e-03 2.180894189343357539e+02
5.520706958161764710e+00 3.172344026959514007e+00 5.165155180653318093e-03 2.180894189343357539e+02
5.511174057732863396e+00 3.172987090698115686e+00 5.168886606409051586e-03 2.181626356522907315e+02
5.511174057732863396e+00 3.172987090698115686e+00 5.168886606409051586e-03 2.181626356522907315e+02
# Next walker
6.150316284949652434e+00 3.249107423441817577e+00 4.745417187510241747e-03 2.191018888470087802e+02
6.150316284949652434e+00 3.249107423441817577e+00 4.745417187510241747e-03 2.191018888470087802e+02
6.150316284949652434e+00 3.249107423441817577e+00 4.745417187510241747e-03 2.191018888470087802e+02
6.150316284949652434e+00 3.249107423441817577e+00 4.745417187510241747e-03 2.191018888470087802e+02
6.150316284949652434e+00 3.249107423441817577e+00 4.745417187510241747e-03 2.191018888470087802e+02
6.150316284949652434e+00 3.249107423441817577e+00 4.745417187510241747e-03 2.191018888470087802e+02
6.199369458297267599e+00 3.243401897441502868e+00 4.598159238466461955e-03 2.220207229155829225e+02
6.199369458297267599e+00 3.243401897441502868e+00 4.598159238466461955e-03 2.220207229155829225e+02
6.199369458297267599e+00 3.243401897441502868e+00 4.598159238466461955e-03 2.220207229155829225e+02
6.199369458297267599e+00 3.243401897441502868e+00 4.598159238466461955e-03 2.220207229155829225e+02
# Next walker
6.227376374187620911e+00 3.185057677104336182e+00 4.998012614565356532e-03 2.203447583097851066e+02
6.262540203689535900e+00 3.179380883756725229e+00 5.164318996887610862e-03 2.213925092698569870e+02
6.262540203689535900e+00 3.179380883756725229e+00 5.164318996887610862e-03 2.213925092698569870e+02
6.262540203689535900e+00 3.179380883756725229e+00 5.164318996887610862e-03 2.213925092698569870e+02
6.262540203689535900e+00 3.179380883756725229e+00 5.164318996887610862e-03 2.213925092698569870e+02
6.138284709280136475e+00 3.169091104012446092e+00 5.226347358813015868e-03 2.155252219434808296e+02
6.138284709280136475e+00 3.169091104012446092e+00 5.226347358813015868e-03 2.155252219434808296e+02
6.138284709280136475e+00 3.169091104012446092e+00 5.226347358813015868e-03 2.155252219434808296e+02
6.138284709280136475e+00 3.169091104012446092e+00 5.226347358813015868e-03 2.155252219434808296e+02
6.138284709280136475e+00 3.169091104012446092e+00 5.226347358813015868e-03 2.155252219434808296e+02
# Next walker
5.662035763412053058e+00 2.901051942855508159e+00 4.619712334479517644e-03 2.337203374578375588e+02
5.662035763412053058e+00 2.901051942855508159e+00 4.619712334479517644e-03 2.337203374578375588e+02
5.662035763412053058e+00 2.901051942855508159e+00 4.619712334479517644e-03 2.337203374578375588e+02
5.755899479928767271e+00 2.967959754084521951e+00 4.643876977894936808e-03 2.309101866207734304e+02
5.755899479928767271e+00 2.967959754084521951e+00 4.643876977894936808e-03 2.309101866207734304e+02
5.810041320337795412e+00 3.063931186755816771e+00 4.776703988062374305e-03 2.279948441946351636e+02
5.810041320337795412e+00 3.063931186755816771e+00 4.776703988062374305e-03 2.279948441946351636e+02
5.810041320337795412e+00 3.063931186755816771e+00 4.776703988062374305e-03 2.279948441946351636e+02
5.810041320337795412e+00 3.063931186755816771e+00 4.776703988062374305e-03 2.279948441946351636e+02
5.816506005173057936e+00 3.065139504355003819e+00 4.776392911159765657e-03 2.278747478646590707e+02
# Next walker
5.823498556881593125e+00 2.993504085797508374e+00 4.763146599703969863e-03 2.189633512357466429e+02
5.823498556881593125e+00 2.993504085797508374e+00 4.763146599703969863e-03 2.189633512357466429e+02
5.823498556881593125e+00 2.993504085797508374e+00 4.763146599703969863e-03 2.189633512357466429e+02
5.841388961900012333e+00 3.046342617735102731e+00 4.831602847146802306e-03 2.175368870659932270e+02
5.841388961900012333e+00 3.046342617735102731e+00 4.831602847146802306e-03 2.175368870659932270e+02
5.841388961900012333e+00 3.046342617735102731e+00 4.831602847146802306e-03 2.175368870659932270e+02
5.841388961900012333e+00 3.046342617735102731e+00 4.831602847146802306e-03 2.175368870659932270e+02
5.850214454837175282e+00 3.052229635663689766e+00 4.822343649074820569e-03 2.197210721349307505e+02
5.891430537630999886e+00 3.064296584127010004e+00 4.838644500609320942e-03 2.187731684186643406e+02
5.875807141989885629e+00 3.079677255698639815e+00 4.868955396103594700e-03 2.199915313758309878e+02
# Next walker
